image_width: 1280 
image_height: 720 
camera_matrix:
  rows: 3
  cols: 3
  data: [638.663, -0.381216, 642.904,
         0.0,     638.205,   361.377,
         0.0,     0.0,       1.0]
distortion_model: plumb_bob
distortion_coefficients:
  rows: 1
  cols: 5
  data: [-0.038131, 0.0303343, 0.0, 0.0, 0.0]
rectification_matrix:
  rows: 3
  cols: 3
  data: [1.0, 0.0, 0.0,
         0.0, 1.0, 0.0,
         0.0, 0.0, 1.0]
projection_matrix:
  rows: 3
  cols: 4
  data: [638.663, -0.381216, 642.904, 0.0,
         0.0,     638.205,   361.377, 0.0,
         0.0,     0.0,       1.0,     0.0]